10363
11795
185
555
1170
492
62
155
216
3864
0
62
70
654
818
0
0
0
0
62
62
185
0
0
0
0
0
0
62
0
77
224
62
0
0
0
62
501
262
123
62
62
247
0
0
0
0
0
0
0
0
0
0
0
0
62
0
0
0
0
0
0
0
0
0
62
0
0
0
0
0
0
0
0
124
0
0
0
0
0
0
0
0
0
0
31
0
0
0
0
0
0
0
31
0
0
0
0
0
0
0
0
246
62
0
0
0
0
0
0
0
0
0
0
77
31
0
0
0
0
0
0
62
0
0
0
0
247
0
0
0
0
0
0
0
0
0
0
0
0
0
0
0
0
0
0
0
0
0
0
0
0
0
247
0
0
0
0
0
0
93
0
0
0
0
0
0
62
0
0
0
0
0
0
0
0
0
0
0
0
0
0
31
0
0
0
77
0
0
0
0
0
0
0
0
0
0
0
0
0
0
0
123
31
0
0
0
0
0
0
0
0
0
0
0
0
0
0
0
0
0
0
0
0
31
0
0
31
0
0
0
0
0
0
0
0
0
0
0
0
0
0
0
0
0
0
0
0
0
0
0
0
0
0
0
0
0
0
0
0
0
0
0
0
31
0
0
0
0
0
0
185
0
62
0
31
0
0
77
0
0
0
0
0
62
0
0
0
0
62
0
0
0
0
0
62
0
0
0
0
62
0
0
0
0
0
0
0
31
185
77
0
0
0
0
0
0
0
0
0
0
0
0
0
0
0
0
0
0
0
0
0
0
0
0
0
0
62
0
0
0
0
0
0
0
0
31
31
0
124
0
0
0
31
0
0
0
62
62
124
62
0
0
0
0
0
0
0
0
124
0
0
0
0
0
0
0
0
0
0
0
0
0
0
0
0
0
0
0
0
0
0
0
0
124
0
0
0
0
0
0
0
0
62
0
0
31
31
31
124
31
0
31
31
62
0
0
0
0
0
0
0
0
0
0
0
0
0
0
0
0
0
111